100 100
200
1 41
1 46
1 58
1 62
2 17
2 31
2 35
3 30
3 38
3 67
3 96
3 97
4 65
4 89
5 16
5 27
5 35
5 38
5 41
5 79
5 98
6 34
6 47
6 59
6 85
6 91
6 93
7 9
7 17
7 33
7 42
7 54
7 74
7 85
7 90
8 6
8 40
8 76
9 1
9 4
9 9
9 19
9 24
9 41
9 57
9 59
9 89
9 92
9 95
10 37
10 44
10 52
10 57
10 65
11 3
11 4
11 23
12 5
12 24
12 52
12 83
12 88
13 13
13 39
13 64
13 85
13 94
13 95
14 45
14 48
14 71
14 74
14 90
15 20
15 50
16 7
16 21
16 27
16 30
16 36
16 42
16 45
16 66
17 46
17 49
17 50
17 55
17 84
18 1
18 18
18 37
18 41
18 46
19 68
20 17
20 46
20 66
20 74
20 79
21 36
21 57
21 84
21 90
22 90
23 6
23 49
23 96
24 68
24 76
24 77
24 79
24 93
25 36
25 49
25 53
25 90
25 93
26 24
26 29
26 37
26 64
27 15
27 26
27 64
27 92
28 25
28 61
28 70
28 77
28 89
29 25
30 6
30 10
30 39
30 42
30 51
30 82
30 97
31 35
31 43
31 50
31 82
32 33
32 35
32 39
32 58
32 78
32 96
33 41
33 83
34 10
34 19
34 64
34 67
34 84
34 85
34 95
35 24
35 36
35 61
35 98
36 1
36 2
36 6
36 36
36 40
36 49
36 67
36 69
36 80
37 63
37 86
38 26
38 55
38 91
39 8
39 35
39 65
39 79
40 2
40 8
40 32
40 47
40 48
40 55
40 56
40 76
40 84
41 11
41 51
41 63
41 84
41 90
42 40
42 48
42 67
42 93
42 98
43 6
43 33
43 50
43 64
43 72
43 78
43 90
44 30
44 37
44 66
44 67
44 78
45 20
45 53
45 65
45 72
45 83
45 97
46 59
46 67
47 24
47 53
47 87
47 96
48 19
48 56
48 92
49 10
49 24
49 42
49 48
49 76
49 78
50 4
50 27
50 34
50 36
50 73
51 38
51 63
51 96
52 32
52 65
52 68
53 35
53 38
53 42
53 77
53 93
54 22
54 28
54 32
54 58
54 73
54 77
54 86
55 3
55 14
55 20
55 28
55 66
56 60
56 77
57 8
57 10
57 39
57 49
57 61
57 62
58 3
58 5
58 23
58 36
58 54
58 70
58 71
58 88
58 94
58 96
59 27
59 30
59 35
59 92
59 93
59 97
60 1
60 2
60 3
60 27
60 38
60 67
61 10
61 15
61 25
61 30
61 60
61 64
61 67
62 21
62 23
62 29
62 38
62 61
62 88
62 91
63 7
63 64
64 4
64 14
64 67
64 79
64 80
64 82
65 5
65 16
65 68
65 89
66 62
66 74
67 9
67 25
67 57
67 83
68 5
68 41
68 97
69 11
69 23
69 24
69 34
69 38
69 79
70 2
70 5
70 21
70 30
70 96
71 26
71 34
71 38
71 90
72 25
72 69
72 86
73 22
73 26
73 47
73 49
73 54
73 74
74 10
74 30
74 42
74 49
74 53
74 56
74 64
74 72
74 80
74 94
74 95
75 41
75 44
75 46
75 50
76 38
76 90
77 20
77 49
77 81
78 30
78 40
78 42
78 56
78 59
78 78
79 52
79 72
79 74
79 84
79 86
80 17
80 37
80 54
80 67
80 78
80 80
81 10
81 51
81 60
81 63
82 17
82 29
82 69
82 78
82 79
82 91
83 41
83 69
83 77
84 14
84 15
84 26
84 51
84 63
84 81
85 4
85 5
85 21
85 35
85 88
85 95
86 21
86 23
86 40
86 52
87 16
87 40
87 66
88 9
88 98
89 9
89 32
89 38
89 42
89 55
89 93
90 36
90 55
90 70
90 80
91 6
91 27
91 45
91 80
91 98
92 7
92 50
93 96
94 4
94 8
94 10
94 44
94 62
94 67
94 72
94 85
95 1
95 61
95 89
95 91
96 13
96 40
96 66
97 2
97 13
98 8
98 24
98 44
98 46
98 50
98 71
98 89