100 100
200
1 5
1 6
1 7
1 9
1 10
1 11
1 12
1 13
1 15
1 16
1 17
1 21
2 1
2 2
2 5
2 7
2 8
2 10
2 12
2 13
2 14
2 16
2 17
2 18
2 19
2 20
2 23
3 1
3 4
3 5
3 8
3 9
3 12
3 14
3 16
3 17
3 18
3 22
4 1
4 2
4 3
4 4
4 7
4 9
4 10
4 11
4 12
4 13
4 15
4 16
4 17
4 18
4 20
4 21
4 22
4 23
5 1
5 2
5 3
5 4
5 5
5 6
5 7
5 8
5 10
5 11
5 14
5 16
5 21
6 1
6 2
6 3
6 6
6 10
6 11
6 13
6 15
6 16
6 17
6 19
6 20
6 22
6 23
7 1
7 5
7 6
7 8
7 12
7 13
7 14
7 15
7 16
7 18
7 19
7 20
8 1
8 2
8 3
8 8
8 9
8 12
8 13
8 14
8 17
8 18
8 19
8 20
8 21
8 22
9 1
9 3
9 4
9 6
9 7
9 11
9 12
9 14
9 15
9 16
9 17
9 18
9 20
9 23
10 1
10 2
10 3
10 5
10 6
10 8
10 12
10 13
10 14
10 16
10 20
10 21
10 23
11 2
11 3
11 6
11 7
11 9
11 10
11 11
11 12
11 15
11 17
11 19
11 21
12 1
12 2
12 3
12 5
12 7
12 9
12 10
12 13
12 15
12 16
12 17
12 18
12 20
12 21
12 22
13 1
13 4
13 5
13 6
13 7
13 9
13 11
13 12
13 15
13 16
13 17
13 19
13 20
13 21
13 22
13 23
14 1
14 2
14 3
14 6
14 7
14 10
14 11
14 13
14 15
14 16
14 17
14 18
14 21
14 22
15 1
15 3
15 4
15 10
15 11
15 12
15 13
15 14
15 15
15 16
15 17
15 18
15 19
15 20
15 21
15 23
16 1
16 4
16 6
16 7
16 12
16 15
16 16
16 18
16 20
16 21
16 23
17 1
17 3
17 5
17 6
17 7
17 11
17 13
17 15
17 17
17 18
17 19
17 20
17 21
17 22
17 23
18 1
18 2
18 5
18 6
18 7
18 9
18 10
18 12
18 14
18 15
18 22
18 23
19 1
19 3
19 5
19 6
19 7
19 8
19 9
19 10
19 11
19 12
19 14
19 15
19 16
19 19
19 21
19 22
19 23
20 1
20 2
20 4
20 7
20 8
20 9
20 11
20 14
20 15
20 18
20 19
20 20
20 21
21 1
21 2
21 4
21 5
21 6
21 9
21 12
21 13
21 16
21 18
21 19
21 22
21 23
22 1
22 2
22 3
22 4
22 11
22 13
22 15
22 16
22 17
22 18
22 19
22 20
22 21
22 22
22 23
23 2
23 3
23 4
23 9
23 13
23 14
23 15
23 16
23 18
23 19
23 20
23 21
23 22